4 0.357843 0.220588 0.147059 0.186275
4 0.488562 0.245098 0.130719 0.186275
4 0.287582 0.368873 0.133987 0.272059
4 0.441176 0.412990 0.173203 0.174020
4 0.272059 0.574755 0.174837 0.129902
4 0.439542 0.579657 0.163399 0.139706
4 0.466503 0.753676 0.161765 0.144608
4 0.557190 0.699755 0.088235 0.262255
4 0.303105 0.721814 0.174837 0.252451
4 0.690359 0.640931 0.168301 0.149510
4 0.804739 0.807598 0.148693 0.237745
4 0.873366 0.741422 0.138889 0.227941
4 0.662582 0.813725 0.132353 0.191176
4 0.209967 0.741422 0.060458 0.144608
